20170127
20170125
20170123
20170122
20170121
20170120
20170119
20170118
20170117
20170116
20170115
20170114
20170113
20170112
20170111
20170110
20170109
20170108
20170107
20170106
20170105
20170104
20170103
20170102
20170101
20161231
20161230
20161229
20161228
20161227
20161226
20161225
20161224
20161223
20161222
20161221
20161220
20161219
20161218
20161217
20161216
20161215
20161214
20161213
20161212
20161211
20161210
20161209
20161208
20161207
20161206
20161205
20161204
20161203
20161202
20161201
20161130
20161129
20161128
20161127
20161126
20161125
20161124
20161123
20161122
20161121
20161120
20161119
20161118
20161117
20161116
20161115
20161114
20161113
20161112
20161111
20161110
20161109
20161108
20161107
20161106
20161105
20161104
20161103
20161102
20161101
20161031
20161030
20161029
20161028
20161027
20161026
20161025
20161024
20161023
20161022
20161021
20161020
20161019
20161018
20161017
20161016
20161015
20161014
20161013
20161012
20161011
20161010
20161009
20161008
20161007
20161006
20161005
20161004
20161003
20161002
20161001
20160930
20160929
20160928
20160927
20160926
20160925
20160924
20160923
20160922
20160921
20160920
20160919
20160918
20160917
20160916
20160915
20160914
20160913
20160912
20160911
20160910
20160909
20160908
20160907
20160906
20160905
20160904
20160903
20160902
20160901
20160831
20160830
20160829
20160828
20160827
20160826
20160825
20160824
20160823
20160822
20160821
20160820
20160819
20160818
20160817
20160816
20160815
20160814
20160813
20160812
20160811
20160810
20160809
20160808
20160807
20160806
20160805
20160804
20160803
20160802
20160801
20160731
20160730
20160729
20160728
20160727
20160726
20160725
20160724
20160723
20160722
20160721
20160720
20160719
20160718
20160717
20160716
20160715
20160714
20160713
20160712
20160711
20160710
20160709
20160708
20160707
20160706
20160705
20160704
20160703
20160702
20160701
20160630
20160629
20160628
20160627
20160626
20160625
20160624
20160623
20160622
20160621
20160620
20160619
20160618
20160617
20160616
20160615
20160614
20160613
20160612
20160611
20160610
20160609
20160608
20160607
20160606
20160605
20160604
20160603
20160602
20160601
20160531
20160530
20160529
20160528
20160527
20160526
20160525
20160524
20160523
20160522
20160521
20160520
20160519
20160518
20160517
20160516
20160515
20160514
20160513
20160512
20160511
20160510
20160509
20160508
20160507
20160506
20160505
20160504
20160503
20160502
20160501
20160430
20160429
20160428
20160427
20160426
20160425
20160424
20160423
20160422
20160421
20160420
20160419
20160418
20160417
20160416
20160415
20160414
20160413
20160412
20160411
20160410
20160409
20160408
20160407
20160406
20160405
20160404
20160403
20160402
20160401
20160331
20160330
20160329
20160328
20160327
20160326
20160325
20160324
20160323
20160322
20160321
20160320
20160319
20160318
20160317
20160316
20160315
20160314
20160313
20160312
20160311
20160310
20160309
20160308
20160307
20160306
20160305
20160304
20160303
20160302
20160301
20160229
20160228
20160227
20160226
20160225
20160224
20160223
20160222
20160221
20160220
20160219
20160218
20160217
20160216
20160215
20160214
20160213
20160212
20160211
20160210
20160209
20160208
20160207
20160206
20160205
20160204
20160203
20160202
20160201
20160131
20160130
20160129
20160128
20160127
20160126
20160125
20160124
20160123
20160122
20160121
20160120
20160119
20160118
20160117
20160116
20160115
20160114
20160113
20160112
20160111
20160110
20160109
20160108
20160107
20160106
20160105
20160104
20160103
20160102
20160101
20151231
20151230
20151229
20151228
20151227
20151226
20151225
20151224
20151223
20151222
20151221
20151220
20151219
20151218
20151217
20151216
20151215
20151214
20151213
20151212
20151211
20151210
20151209
20151208
20151207
20151206
20151205
20151204
20151203
20151202
20151201
20151130
20151129
20151128
20151127
20151126
20151125
20151124
20151123
20151122
20151121
20151120
20151119
20151118
20151117
20151116
20151115
20151114
20151113
20151112
20151111
20151110
20151109
20151108
20151107
20151106
20151105
20151104
20151103
20151102
20151101
20151031
20151030
20151029
20151028
20151027
20151026
20151025
20151024
20151023
20151022
20151021
20151020
20151019
20151018
20151017
20151016
20151015
20151014
20151013
20151012
20151011
20151010
20151009
20151008
20151007
20151006
20151005
20151004
20151003
20151002
20151001
20150930
20150929
20150928
20150927
20150926
20150925
20150924
20150923
20150922
20150921
20150920
20150919
20150918
20150917
20150916
20150915
20150914
20150913
20150912
20150911
20150910
20150909
20150908
20150907
20150906
20150905
20150904
20150903
20150902
20150901
20150831
20150830
20150829
20150828
20150827
20150826
20150825
20150824
20150823
20150822
20150821
20150820
20150819
20150818
20150817
20150816
20150815
20150814
20150813
20150812
20150811
20150810
20150809
20150808
20150807
20150806
20150805
20150804
20150803
20150802
20150801
20150731
20150730
20150729
20150728
20150727
20150726
20150725
20150724
20150723
20150722
20150721
20150720
20150719
20150718
20150717
20150716
20150715
20150714
20150713
20150712
20150711
20150710
20150709
20150708
20150707
20150706
20150705
20150704
20150703
20150702
20150701
20150630
20150629
20150628
20150627
20150626
20150625
20150624
20150623
20150622
20150621
20150620
20150619
20150618
20150617
20150616
20150615
20150614
20150613
20150612
20150611
20150610
20150609
20150608
20150607
20150606
20150605
20150604
20150603
20150602
20150601
20150531
20150530
20150529
20150528
20150527
20150526
20150525
20150524
20150523
20150522
20150521
20150520
20150519
20150518
20150517
20150516
20150515
20150514
20150513
20150512
20150511
20150510
20150509
20150508
20150507
20150506
20150505
20150504
20150503
20150502
20150501
20150430
20150429
20150428
20150427
20150426
20150425
20150424
20150423
20150422
20150421
20150420
20150419
20150418
20150417
20150416
20150415
20150414
20150413
20150412
20150411
20150410
20150409
20150408
20150407
20150406
20150405
20150404
20150403
20150402
20150401
20150331
20150330
20150329
20150328
20150327
20150326
20150325
20150324
20150323
20150322
20150321
20150320
20150319
20150318
20150317
20150316
20150315
20150314
20150313
20150312
20150311
20150310
20150309
20150308
20150307
20150306
20150305
20150304
20150303
20150302
20150301
20150228
20150227
20150226
20150225
20150224
20150223
20150222
20150221
20150220
20150219
20150218
20150217
20150216
20150215
20150214
20150213
20150212
20150211
20150210
20150209
20150208
20150207
20150206
20150205
20150204
20150203
20150202
20150201
20150131
20150130
20150129
20150128
20150127
20150126
20150125
20150124
20150123
20150122
20150121
20150120
20150119
20150118
20150117
20150116
20150115
20150114
20150113
20150112
20150111
20150110
20150109
20150108
20150107
20150106
20150105
20150104
20150103
20150102
20150101
20141231
20141230
20141229
20141228
20141227
20141226
20141225
20141224
20141223
20141222
20141221
20141220
20141219
20141218
20141217
20141216
20141215
20141214
20141213
20141212
20141211
20141210
20141209
20141208
20141207
20141206
20141205
20141204
20141203
20141202
20141201
20141130
20141129
20141128
20141127
20141126
20141125
20141124
20141123
20141122
20141121
20141120
20141119
20141118
20141117
20141116
20141115
20141114
20141113
20141112
20141111
20141110
20141109
20141108
20141107
20141106
20141105
20141104
20141103
20141102
20141101
20141031
20141030
20141029
20141028
20141027
20141026
20141025
20141024
20141023
20141022
20141021
20141020
20141019
20141018
20141017
20141016
20141015
20141014
20141013
20141012
20141011
20141010
20141009
20141008
20141007
20141006
20141005
20141004
20141003
20141002
20141001
20140708
20100505
20100102
20100101
