20170407
20170406
20170405
20170404
20170403
20170402
20170401
20170331
20170330
20170329
20170328
20170327
20170326
20170325
20170324
20170323
20170322
20170321
20170320
20170319
20170318
20170317
20170316
20170315
20170314
20170313
20170312
20170311
20170310
20170309
20170308
20170307
20170306
20170305
20170304
20170303
20170302
20170301
20170228
20170227
20170226
20170225
20170224
20170223
20170222
20170221
20170220
20170219
20170218
20170217
20170216
20170215
20170214
20170213
20170212
20170211
20170210
20170209
20170208
20170207
20170206
20170205
20170204
20170203
20170202
20170201
20170131
20170130
20170129
20170128
20170127
20170126
20170125
20170124
20170123
20170122
20170121
20170120
20170119
20170118
20170117
20170116
20170115
20170114
20170113
20170112
20170111
20170110
20170109
20170108
20170107
20170106
20170105
20170104
20170103
20170102
20170101
20161231
20161230
20161229
20161228
20161227
20161226
20161225
20161224
20161223
20161222
20161221
20161220
20161219
20161218
20161217
20161216
20161215
20161214
20161213
20161212
20161211
20161210
20161209
20161208
20161207
20161206
20161205
20161204
20161203
20161202
20161201
20161130
20161129
20161128
20161127
20161126
20161125
20161124
20161123
20161122
20161121
20161120
20161119
20161118
20161117
20161116
20161115
20161114
20161113
20161112
20161111
20161110
20161109
20161108
20161107
20161106
20161105
20161104
20161103
20161102
20161101
20161031
20161030
20161029
20161028
20161027
20161026
20161025
20161024
20161023
20161022
20161021
20161020
20161019
20161018
20161017
20161016
20161015
20161014
20161013
20161012
20161011
20161010
20161009
20161008
20161007
20161006
20161005
20161004
20161003
20161002
20161001
20160930
20160929
20160928
20160927
20160926
20160925
20160924
20160923
20160922
20160921
20160920
20160919
20160918
20160917
20160916
20160915
20160914
20160913
20160912
20160911
20160910
20160909
20160908
20160907
20160906
20160905
20160904
20160903
20160902
20160901
20160831
20160830
20160829
20160828
20160827
20160826
20160825
20160824
20160823
20160822
20160821
20160820
20160819
20160818
20160817
20160816
20160815
20160814
20160813
20160812
20160811
20160810
20160809
20160808
20160807
20160806
20160805
20160804
20160803
20160802
20160801
20160731
20160730
20160729
20160728
20160727
20160726
20160725
20160724
20160723
20160722
20160721
20160720
20160719
20160718
20160717
20160716
20160715
20160714
20160713
20160712
20160711
20160710
20160709
20160708
20160707
20160706
20160705
20160704
20160703
20160702
20160701
20160630
20160629
20160628
20160627
20160626
20160625
20160624
20160623
20160622
20160621
20160620
20160619
20160618
20160617
20160616
20160615
20160614
20160613
20160612
20160611
20160610
20160609
20160608
20160607
20160606
20160605
20160604
20160603
20160602
20160601
20160531
20160530
20160529
20160528
20160527
20160526
20160525
20160524
20160523
20160522
20160521
20160520
20160519
20160518
20160517
20160516
20160515
20160514
20160513
20160512
20160511
20160510
20160509
20160508
20160507
20160506
20160505
20160504
20160503
20160502
20160501
20160430
20160429
20160428
20160427
20160426
20160425
20160424
20160423
20160422
20160421
20160420
20160419
20160418
20160417
20160416
20160415
20160414
20160413
20160412
20160411
20160410
20160409
20160408
20160407
20160406
20160405
20160404
20160403
20160402
20160401
20160331
20160330
20160329
20160328
20160327
20160326
20160325
20160324
20160323
20160322
20160321
20160320
20160319
20160318
20160317
20160316
20160315
20160314
20160313
20160312
20160311
20160310
20160309
20160308
20160307
20160306
20160305
20160304
20160303
20160302
20160301
20160229
20160228
20160227
20160226
20160225
20160224
20160223
20160222
20160221
20160220
20160219
20160218
20160217
20160216
20160215
20160214
20160213
20160212
20160211
20160210
20160209
20160208
20160207
20160206
20160205
20160204
20160203
20160202
20160201
20160131
20160130
20160129
20160128
20160127
20160126
20160125
20160124
20160123
20160122
20160121
20160120
20160119
20160118
20160117
20160116
20160115
20160114
20160113
20160112
20160111
20160110
20160109
20160108
20160107
20160106
20160105
20160104
20160103
20160102
20160101
